[0m[38;2;0;0;0m             [38;2;0;0;0m [38;2;1;1;1m [38;2;1;1;1m [38;2;0;0;1m [38;2;0;0;0m [38;2;0;0;0m            [0m
[0m[38;2;0;0;0m      [38;2;0;0;0m [38;2;4;9;4m [38;2;21;47;20m.[38;2;32;74;31m.[38;2;32;73;31m.[38;2;38;85;36m'[38;2;45;103;43m,[38;2;47;119;44m;[38;2;40;140;35m;[38;2;23;86;20m.[38;2;45;128;41m;[38;2;48;109;45m,[38;2;42;94;39m'[38;2;34;76;32m.[38;2;33;74;31m.[38;2;28;64;26m.[38;2;12;28;12m [38;2;1;1;1m [38;2;0;0;0m [38;2;0;0;0m     [0m
[0m[38;2;0;0;0m    [38;2;3;9;3m [38;2;14;48;12m.[38;2;36;99;33m'[38;2;46;105;43m,[38;2;50;115;47m;[38;2;54;125;51m;[38;2;67;155;62mc[38;2;69;160;64ml[38;2;60;139;56m:[38;2;51;126;47m;[38;2;38;132;33m;[38;2;19;81;16m.[38;2;44;128;40m;[38;2;56;130;52m:[38;2;64;149;59mc[38;2;71;164;65ml[38;2;60;139;56m:[38;2;52;117;48m;[38;2;49;112;46m,[38;2;41;96;39m'[38;2;22;70;20m.[38;2;10;35;9m [38;2;0;0;0m [38;2;0;0;0m   [0m
[0m[38;2;0;0;0m  [38;2;2;3;1m [38;2;32;73;30m.[38;2;49;116;46m;[38;2;32;89;30m'[38;2;56;128;52m;[38;2;71;166;66ml[38;2;51;118;47m;[38;2;29;65;27m.[38;2;24;46;13m.[38;2;44;77;4m.[38;2;67;118;3m;[38;2;83;145;3mc[38;2;91;160;3mc[38;2;93;163;3ml[38;2;88;154;3mc[38;2;76;133;3m:[38;2;57;99;3m,[38;2;34;59;7m.[38;2;22;48;20m.[38;2;39;90;37m'[38;2;64;147;59mc[38;2;68;158;63mc[38;2;44;102;41m,[38;2;39;98;37m'[38;2;48;111;46m,[38;2;12;26;11m [38;2;0;0;0m [38;2;0;0;0m [0m
[0m[38;2;0;0;0m [38;2;1;3;1m [38;2;38;104;35m,[38;2;38;85;35m'[38;2;46;105;43m,[38;2;72;169;67ml[38;2;46;106;43m,[38;2;10;21;9m [38;2;1;2;2m [38;2;78;133;8m:[38;2;142;250;3mO[38;2;145;255;3m0[38;2;147;255;6m0[38;2;149;255;11m0[38;2;151;255;15m0[38;2;150;255;14m0[38;2;148;255;8m0[38;2;145;255;3m0[38;2;144;255;1m0[38;2;144;255;0m0[38;2;110;193;6md[38;2;10;16;3m [38;2;1;2;2m [38;2;26;58;24m.[38;2;65;150;60mc[38;2;65;152;60mc[38;2;30;66;28m.[38;2;47;128;43m;[38;2;13;38;12m [38;2;0;0;0m [0m
[0m[38;2;0;0;0m [38;2;0;0;0m [38;2;0;0;0m [38;2;42;98;39m'[38;2;72;171;67ml[38;2;34;77;32m.[38;2;0;0;0m [38;2;0;0;0m  [38;2;1;2;1m [38;2;55;94;7m'[38;2;139;228;25mk[38;2;168;255;55mK[38;2;180;255;82mK[38;2;185;255;95mX[38;2;183;255;91mX[38;2;175;255;70mK[38;2;163;255;43mK[38;2;151;250;24m0[38;2;81;138;8m:[38;2;7;12;2m [38;2;0;0;0m   [38;2;8;17;8m [38;2;63;146;58mc[38;2;68;159;63mc[38;2;10;22;10m [38;2;0;0;0m [38;2;0;0;0m [0m
[0m[38;2;0;0;0m  [38;2;3;8;3m [38;2;44;158;39mc[38;2;41;140;37m:[38;2;1;1;1m [38;2;0;0;0m  [38;2;0;0;0m [38;2;0;0;0m [38;2;0;0;0m [38;2;11;15;6m [38;2;106;137;66mc[38;2;205;248;149mX[38;2;210;255;152mN[38;2;206;255;141mN[38;2;203;255;136mX[38;2;160;208;99mO[38;2;39;55;20m.[38;2;0;0;0m [38;2;0;0;0m    [38;2;0;0;0m [38;2;21;62;20m.[38;2;49;158;44mc[38;2;26;79;24m.[38;2;0;0;0m [38;2;0;0;0m [0m
[0m[38;2;0;0;0m  [38;2;4;10;4m [38;2;59;181;52ml[38;2;53;160;48mc[38;2;1;2;1m [38;2;0;0;0m  [38;2;0;0;0m [38;2;1;1;1m [38;2;0;0;0m [38;2;14;17;9m [38;2;119;148;82ml[38;2;206;251;148mX[38;2;208;255;146mN[38;2;207;255;145mN[38;2;209;255;148mN[38;2;161;203;107mk[38;2;41;57;21m.[38;2;0;0;0m [38;2;0;0;0m    [38;2;0;0;0m [38;2;26;70;24m.[38;2;62;185;56ml[38;2;32;94;30m'[38;2;0;0;0m [38;2;0;0;0m [0m
[0m[38;2;0;0;0m [38;2;0;0;0m [38;2;0;0;0m [38;2;41;93;39m'[38;2;73;170;67ml[38;2;36;81;34m.[38;2;0;0;0m [38;2;0;0;0m [38;2;0;0;0m [38;2;1;1;1m [38;2;53;87;10m'[38;2;150;228;50mO[38;2;180;255;82mK[38;2;186;255;95mX[38;2;189;255;103mX[38;2;189;255;103mX[38;2;185;255;93mX[38;2;175;255;70mK[38;2;157;251;34m0[38;2;88;151;8mc[38;2;12;20;2m [38;2;0;0;0m   [38;2;9;20;9m [38;2;64;148;59mc[38;2;68;157;62mc[38;2;10;20;9m [38;2;0;0;0m [38;2;0;0;0m [0m
[0m[38;2;0;0;0m [38;2;1;2;1m [38;2;34;100;31m'[38;2;39;93;36m'[38;2;45;101;42m,[38;2;72;169;67ml[38;2;48;112;46m,[38;2;11;24;11m [38;2;1;0;1m [38;2;67;115;8m;[38;2;142;248;5mO[38;2;148;255;9m0[38;2;151;255;15m0[38;2;153;255;21m0[38;2;155;255;24m0[38;2;154;255;23m0[38;2;152;255;17m0[38;2;148;255;9m0[38;2;145;255;3m0[38;2;144;254;1m0[38;2;115;201;6md[38;2;14;24;3m [38;2;2;4;2m [38;2;28;64;27m.[38;2;66;153;61mc[38;2;64;149;60mc[38;2;30;68;29m.[38;2;49;136;45m:[38;2;14;43;13m.[38;2;0;0;0m [0m
[0m[38;2;0;0;0m  [38;2;1;2;1m [38;2;30;70;29m.[38;2;50;121;47m;[38;2;36;85;34m'[38;2;54;123;50m;[38;2;71;167;66ml[38;2;53;123;50m;[38;2;31;71;29m.[38;2;23;46;15m.[38;2;41;71;5m.[38;2;63;110;4m,[38;2;79;137;4m:[38;2;86;152;3mc[38;2;88;155;3mc[38;2;83;146;3mc[38;2;72;126;3m;[38;2;52;91;3m'[38;2;32;56;10m.[38;2;24;51;22m.[38;2;41;95;39m'[38;2;65;151;60mc[38;2;66;154;62mc[38;2;40;92;38m'[38;2;34;98;32m'[38;2;48;111;44m,[38;2;11;24;10m [38;2;0;0;0m [38;2;0;0;0m [0m
[0m[38;2;0;0;0m    [38;2;3;7;3m [38;2;16;41;15m.[38;2;40;99;37m'[38;2;47;106;44m,[38;2;51;117;48m;[38;2;54;123;50m;[38;2;65;149;60mc[38;2;70;163;65ml[38;2;62;144;58m:[38;2;56;129;51m;[38;2;47;127;43m;[38;2;24;78;22m.[38;2;50;127;46m;[38;2;59;136;55m:[38;2;74;158;68ml[38;2;81;168;74ml[38;2;61;135;57m:[38;2;52;120;49m;[38;2;50;115;47m;[38;2;43;97;41m'[38;2;36;91;34m'[38;2;6;18;6m [38;2;0;0;0m [38;2;0;0;0m   [0m
[0m[38;2;0;0;0m      [38;2;0;0;0m [38;2;4;7;3m [38;2;19;44;18m.[38;2;33;75;31m.[38;2;34;78;32m.[38;2;38;84;36m'[38;2;45;102;42m,[38;2;49;114;46m,[38;2;48;127;44m;[38;2;26;79;24m.[38;2;48;122;45m;[38;2;48;108;45m,[38;2;42;94;40m'[38;2;35;78;33m.[38;2;34;79;32m.[38;2;27;62;25m.[38;2;11;24;11m [38;2;0;0;0m [38;2;0;0;0m [38;2;0;0;0m     [0m
[0m[38;2;0;0;0m             [38;2;0;0;0m [38;2;1;1;1m [38;2;1;1;1m [38;2;0;0;1m [38;2;0;0;0m [38;2;0;0;0m            [0m
